annNemo10_ 1 0.19260000000000346 0.11185376898738308 0.1634011903729834 0.2
annNemo11_ 1 0.19260000000000346 0.09941203851179349 0.19626655441860952 0.3
annNemo12_ 1 0.19260000000000346 0.0389202136459333 0.27551477291102744 0.1
annNemo13_ 1 0.19260000000000346 0.03591901342712803 0.31754749862063236 0.05
annNemo14_ 1 0.19260000000000346 0.05980156219391661 0.2763873578109295 0.15000000000000002
annNemo15_ 1 0.19260000000000346 0.0669846050505163 0.13508371654848347 0.1
annNemo16_ 1 0.19260000000000346 0.05545112001553255 0.1845403220580975 0.25
annNemo17_ 1 0.19260000000000346 0.09895543893404668 0.16696464604486935 0.15000000000000002
annNemo18_ 1 0.19260000000000346 0.09473823842958924 0.20294750690920152 0.0
annNemo19_ 1 0.19260000000000346 0.0888181045768825 0.15769950447595926 0.2
annNemo20_ 1 0.19260000000000346 0.0904402582168608 0.10094320385746244 0.3
