1 0.10840000000000105 0.024040273068743394 0.3288640040421265 0.0
1 0.10840000000000105 0.009672709315709283 0.1890242632416381 0.05
1 0.10840000000000105 0.043623461193420664 0.10477053138709486 0.1
1 0.10840000000000105 0.026707505681263316 0.14286096844358348 0.1
1 0.10840000000000105 0.028696931803439685 0.36301543271253384 0.0
1 0.10820000000000105 0.023780945106588198 0.046452207280378466 0.0
1 0.10820000000000105 0.0 0.023230540776930955 0.0
1 0.10820000000000105 0.004069536929253535 0.034504390617552644 0.0
1 0.10820000000000105 0.0058778560747191275 0.018067682314820126 0.0
1 0.10820000000000105 0.020380969962765005 0.11355402677752911 0.05
2 0.22240000000000432 0.03663680874594985 0.07958724578482627 0.15000000000000002
2 0.22240000000000432 0.002662268807385103 0.03466197276899977 0.0
2 0.22240000000000432 0.06362827573895904 0.16176626799641292 0.25
2 0.2222000000000043 0.09146133911993662 0.3257205163705577 0.39999999999999997
2 0.2222000000000043 0.10494115279394059 0.27162215640793136 0.2
2 0.22240000000000432 0.022515634141890853 0.28728919040207945 0.1
2 0.22240000000000432 0.02297082214536341 0.050206782170861226 0.05
2 0.11420000000000122 0.04046910510373762 0.04826592118611009 0.05
2 0.11420000000000122 0.029335537637728195 0.40698316914951954 0.05
2 0.11400000000000121 0.059995064665402865 0.27803051929883027 0.2
3 0.42399999999998594 0.09257024308330417 0.24990883800792635 0.39999999999999997
3 0.42399999999998594 0.039307615687399974 0.07631825704147029 0.2
3 0.42399999999998594 0.12001249258290356 0.14838900559156967 0.39999999999999997
3 0.31599999999999784 0.02292142882991354 0.0633170806172145 0.1
3 0.31599999999999784 0.010996935484599934 0.17375144696061853 0.0
3 0.31579999999999786 0.05200088634462001 0.15388394705030334 0.15000000000000002
3 0.31579999999999786 0.023401439768445602 0.08265873193200876 0.15000000000000002
3 0.31579999999999786 0.04576968253452331 0.17827273882049854 0.25
3 0.20160000000000372 0.018557958138254553 0.09741532536527751 0.0
3 0.20160000000000372 0.0045598108510923295 0.11956892812106824 0.0
4 0.45299999999998275 0.1488189634586452 0.4184491273508197 0.5499999999999999
4 0.3387999999999953 0.05545427534250579 0.1793525324183948 0.2
4 0.3387999999999953 0.015430833967787027 0.026723872795331553 0.0
4 0.3389999999999953 0.05840175897961182 0.15585723477614633 0.15000000000000002
4 0.3389999999999953 0.11809535230396695 0.32012733667492965 0.35
4 0.3389999999999953 0.014751370435695334 0.07323489248541322 0.1
4 0.3389999999999953 0.0904394100392073 0.12117828425509101 0.05
4 0.13720000000000188 0.01756453119311559 0.09420213427182789 0.05
4 0.13720000000000188 0.06723710768395043 0.07846748837349074 0.1
4 0.13720000000000188 0.021893322055971817 0.057922171223456054 0.05
5 0.5919999999999674 0.2934282424230113 0.8531090684241194 1.4500000000000006
5 0.39019999999998967 0.08506444493841005 0.17501834550797302 0.15000000000000002
5 0.3899999999999897 0.03570745326959802 0.11012472007610434 0.05
5 0.39019999999998967 0.18876241956807757 0.5205680631589465 0.8000000000000002
5 0.2530000000000048 0.15028030082448735 0.2068849741675991 0.44999999999999996
5 0.2530000000000048 0.07895458705550515 0.2946018187375156 0.35
5 0.2530000000000048 0.09509607221559888 0.2781670193869208 0.39999999999999997
5 0.2530000000000048 0.0589738799817322 0.10247366352066496 0.1
5 0.2530000000000048 0.029238118442396422 0.14356611064448482 0.05
5 0.2530000000000048 0.12032063685162851 0.4075604145813652 0.44999999999999996
